-5 0 0 0 0 0 0 0 0 0 0
-4.984 0 0 0 0 0 0 0 0 0 0
-4.968 0 0 0 0 0 0 0 0 0 0
-4.952 0 0 0 0 0 0 0 0 0 0
-4.936 0 0 0 0 0 0 0 0 0 0
-4.92 0 0 0 0 0 0 0 0 0 0
-4.904 0 0 0 0 0 0 0 0 0 0
-4.888 0 0 0 0 0 0 0 0 0 0
-4.872 0 0 0 0 0 0 0 0 0 0
-4.856 0 0 0 0 0 0 0 0 0 0
-4.84 0 0 0 0 0 0 0 0 0 0
-4.824 0 0 0 0 0 0 0 0 0 0
-4.808 0 0 0 0 0 0 0 0 0 0
-4.792 0 0 0 0 0 0 0 0 0 0
-4.776 0 0 0 0 0 0 0 0 0 0
-4.76 0 0 0 0 0 0 0 0 0 0
-4.744 0 0 0 0 0 0 0 0 0 0
-4.728 0 0 0 0 0 0 0 0 0 0
-4.712 0 0 0 0 0 0 0 0 0 0
-4.696 0 0 0 0 0 0 0 0 0 0
-4.68 0 0 0 0 0 0 0 0 0 0
-4.664 0 0 0 0 0 0 0 0 0 0
-4.648 0 0 0 0 0 0 0 0 0 0
-4.632 0 0 0 0 0 0 0 0 0 0
-4.616 0 0 0 0 0 0 0 0 0 0
-4.6 0 0 0 0 0 0 0 0 0 0
-4.584 0 0 0 0 0 0 0 0 0 0
-4.568 0 0 0 0 0 0 0 0 0 0
-4.552 0 0 0 0 0 0 0 0 0 0
-4.536 0 0 0 0 0 0 0 0 0 0
-4.52 0 0 0 0 0 0 0 0 0 0
-4.504 0 0 0 0 0 0 0 0 0 0
-4.488 0 0 0 0 0 0 0 0 0 0
-4.472 0 0 0 0 0 0 0 0 0 0
-4.456 0 0 0 0 0 0 0 0 0 0
-4.44 0 0 0 0 0 0 0 0 0 0
-4.424 0 0 0 0 0 0 0 0 0 0
-4.408 0 0 0 0 0 0 0 0 0 0
-4.392 0 0 0 0 0 0 0 0 0 0
-4.376 0 0 0 0 0 0 0 0 0 0
-4.36 0 0 0 0 0 0 0 0 0 0
-4.344 0 0 0 0 0 0 0 0 0 0
-4.328 0 0 0 0 0 0 0 0 0 0
-4.312 0 0 0 0 0 0 0 0 0 0
-4.296 0 0 0 0 0 0 0 0 0 0
-4.28 0 0 0 0 0 0 0 0 0 0
-4.264 0 0 0 0 0 0 0 0 0 0
-4.248 0 0 0 0 0 0 0 0 0 0
-4.232 0 0 0 0 0 0 0 0 0 0
-4.216 0 0 0 0 0 0 0 0 0 0
-4.2 0 0 0 0 0 0 0 0 0 0
-4.184 0 0 0 0 0 0 0 0 0 0
-4.168 0 0 0 0 0 0 0 0 0 0
-4.152 0 0 0 0 0 0 0 0 0 0
-4.136 0 0 0 0 0 0 0 0 0 0
-4.12 0 0 0 0 0 0 0 0 0 0
-4.104 0 0 0 0 0 0 0 0 0 0
-4.088 0 0 0 0 0 0 0 0 0 0
-4.072 0 0 0 0 0 0 0 0 0 0
-4.056 0 0 0 0 0 0 0 0 0 0
-4.04 0 0 0 0 0 0 0 0 0 0
-4.024 0 0 0 0 0 0 0 0 0 0
-4.008 0 0 0 0 0 0 0 0 0 0
-3.992 0 0 0 0 0 0 0 0 0 0
-3.976 0 0 0 0 0 0 0 0 0 0
-3.96 0 0 0 0 0 0 0 0 0 0
-3.944 0 0 0 0 0 0 0 0 0 0
-3.928 0 0 0 0 0 0 0 0 0 0
-3.912 0 0 0 0 0 0 0 0 0 0
-3.896 0 0 0 0 0 0 0 0 0 0
-3.88 0 0 0 0 0 0 0 0 0 0
-3.864 0 0 0 0 0 0 0 0 0 0
-3.848 0 0 0 0 0 0 0 0 0 0
-3.832 0 0 0 0 0 0 0 0 0 0
-3.816 0 0 0 0 0 0 0 0 0 0
-3.8 0 0 0 0 0 0 0 0 0 0
-3.784 0 0 0 0 0 0 0 0 0 0
-3.768 0 0 0 0 0 0 0 0 0 0
-3.752 0 0 0 0 0 0 0 0 0 0
-3.736 0 0 0 0 0 0 0 0 0 0
-3.72 0 0 0 0 0 0 0 0 0 0
-3.704 0 0 0 0 0 0 0 0 0 0
-3.688 0 0 0 0 0 0 0 0 0 0
-3.672 0 0 0 0 0 0 0 0 0 0
-3.656 0 0 0 0 0 0 0 0 0 0
-3.64 0 0 0 0 0 0 0 0 0 0
-3.624 0 0 0 0 0 0 0 0 0 0
-3.608 0 0 0 0 0 0 0 0 0 0
-3.592 0 0 0 0 0 0 0 0 0 0
-3.576 0 0 0 0 0 0 0 0 0 0
-3.56 0 0 0 0 0 0 0 0 0 0
-3.544 0 0 0 0 0 0 0 0 0 0
-3.528 0 0 0 0 0 0 0 0 0 0
-3.512 0 0 0 0 0 0 0 0 0 0
-3.496 0 0 0 0 0 0 0 0 0 0
-3.48 0 0 0 0 0 0 0 0 0 0
-3.464 0 0 0 0 0 0 0 0 0 0
-3.448 0 0 0 0 0 0 0 0 0 0
-3.432 0 0 0 0 0 0 0 0 0 0
-3.416 0 0 0 0 0 0 0 0 0 0
-3.4 0 0 0 0 0 0 0 0 0 0
-3.384 0 0 0 0 0 0 0 0 0 0
-3.368 0 0 0 0 0 0 0 0 0 0
-3.352 0 0 0 0 0 0 0 0 0 0
-3.336 0 0 0 0 0 0 0 0 0 0
-3.32 0 0 0 0 0 0 0 0 0 0
-3.304 0 0 0 0 0 0 0 0 0 0
-3.288 0 0 0 0 0 0 0 0 0 0
-3.272 0 0 0 0 0 0 0 0 0 0
-3.256 0 0 0 0 0 0 0 0 0 0
-3.24 0 0 0 0 0 0 0 0 0 0
-3.224 0 0 0 0 0 0 0 0 0 0
-3.208 0 0 0 0 0 0 0 0 0 0
-3.192 0 0 0 0 0 0 0 0 0 0
-3.176 0 0 0 0 0 0 0 0 0 0
-3.16 0 0 0 0 0 0 0 0 0 0
-3.144 0 0 0 0 0 0 0 0 0 0
-3.128 0 0 0 0 0 0 0 0 0 0
-3.112 0 0 0 0 0 0 0 0 0 0
-3.096 0 0 0 0 0 0 0 0 0 0
-3.08 0 0 0 0 0 0 0 0 0 0
-3.064 0 0 0 0 0 0 0 0 0 0
-3.048 0 0 0 0 0 0 0 0 0 0
-3.032 0 0 0 0 0 0 0 0 0 0
-3.016 0 0 0 0 0 0 0 0 0 0
-3 0 0 0 0 0 0 0 0 0 0
-2.984 0 0 0 0 0 0 0 0 0 0
-2.968 0 0 0 0 0 0 0 0 0 0
-2.952 0 0 0 0 0 0 0 0 0 0
-2.936 0 0 0 0 0 0 0 0 0 0
-2.92 0 0 0 0 0 0 0 0 0 0
-2.904 0 0 0 0 0 0 0 0 0 0
-2.888 0 0 0 0 0 0 0 0 0 0
-2.872 0 0 0 0 0 0 0 0 0 0
-2.856 0 0 0 0 0 0 0 0 0 0
-2.84 0 0 0 0 0 0 0 0 0 0
-2.824 0 0 0 0 0 0 0 0 0 0
-2.808 0 0 0 0 0 0 0 0 0 0
-2.792 0 0 0 0 0 0 0 0 0 0
-2.776 0 0 0 0 0 0 0 0 0 0
-2.76 0 0 0 0 0 0 0 0 0 0
-2.744 0 0 0 0 0 0 0 0 0 0
-2.728 0 0 0 0 0 0 0 0 0 0
-2.712 0 0 0 0 0 0 0 0 0 0
-2.696 0 0 0 0 0 0 0 0 0 0
-2.68 0 0 0 0 0 0 0 0 0 0
-2.664 0 0 0 0 0 0 0 0 0 0
-2.648 0 0 0 0 0 0 0 0 0 0
-2.632 0 0 0 0 0 0 0 0 0 0
-2.616 0 0 0 0 0 0 0 0 0 0
-2.6 0 0 0 0 0 0 0 0 0 0
-2.584 0 0 0 0 0 0 0 0 0 0
-2.568 0 0 0 0 0 0 0 0 0 0
-2.552 0 0 0 0 0 0 0 0 0 0
-2.536 0 0 0 0 0 0 0 0 0 0
-2.52 0 0 0 0 0 0 0 0 0 0
-2.504 0 0 0 0 0 0 0 0 0 0
-2.488 0 0 0 0 0 0 0 0 0 0
-2.472 0 0 0 0 0 0 0 0 0 0
-2.456 0 0 0 0 0 0 0 0 0 0
-2.44 0 0 0 0 0 0 0 0 0 0
-2.424 0 0 0 0 0 0 0 0 0 0
-2.408 0 0 0 0 0 0 0 0 0 0
-2.392 0 0 0 0 0 0 0 0 0 0
-2.376 0 0 0 0 0 0 0 0 0 0
-2.36 0 0 0 0 0 0 0 0 0 0
-2.344 0 0 0 0 0 0 0 0 0 0
-2.328 0 0 0 0 0 0 0 0 0 0
-2.312 0 0 0 0 0 0 0 0 0 0
-2.296 0 0 0 0 0 0 0 0 0 0
-2.28 0 0 0 0 0 0 0 0 0 0
-2.264 0 0 0 0 0 0 0 0 0 0
-2.248 0 0 0 0 0 0 0 0 0 0
-2.232 0 0 0 0 0 0 0 0 0 0
-2.216 0 0 0 0 0 0 0 0 0 0
-2.2 0 0 0 0 0 0 0 0 0 0
-2.184 0 0 0 0 0 0 0 0 0 0
-2.168 0 0 0 0 0 0 0 0 0 0
-2.152 4.60467e-52 0 0 0 0 0 0 0 0 0
-2.136 5.80451e-39 0 0 0 0 0 0 0 0 0
-2.12 2.71986e-34 0 0 0 0 0 0 0 0 0
-2.104 2.21355e-31 0 0 0 0 0 0 0 0 0
-2.088 2.91566e-29 0 0 0 0 0 0 0 0 0
-2.072 1.35748e-27 0 0 0 0 0 0 0 0 0
-2.056 3.22218e-26 0 0 0 0 0 0 0 0 0
-2.04 4.76947e-25 0 0 0 0 0 0 0 0 0
-2.024 4.97734e-24 0 0 0 0 0 0 0 0 0
-2.008 3.96849e-23 0 0 0 0 0 0 0 0 0
-1.992 2.55532e-22 0 0 0 0 0 0 0 0 0
-1.976 1.38291e-21 0 0 0 0 0 0 0 0 0
-1.96 6.4798e-21 0 0 0 0 0 0 0 0 0
-1.944 2.68902e-20 0 0 0 0 0 0 0 0 0
-1.928 1.00596e-19 0 0 0 0 0 0 0 0 0
-1.912 3.4407e-19 0 0 0 0 0 0 0 0 0
-1.896 1.08829e-18 0 0 0 0 0 0 0 0 0
-1.88 3.21318e-18 0 0 0 0 0 0 0 0 0
-1.864 8.92478e-18 0 0 0 0 0 0 0 0 0
-1.848 2.34728e-17 0 0 0 0 0 0 0 0 0
-1.832 5.87815e-17 0 0 0 0 0 0 0 0 0
-1.816 1.40825e-16 0 0 0 0 0 0 0 0 0
-1.8 3.24082e-16 0 0 0 0 0 0 0 0 0
-1.784 7.18953e-16 0 0 0 0 0 0 0 0 0
-1.768 1.54227e-15 0 0 0 0 0 0 0 0 0
-1.752 3.20788e-15 0 0 0 0 0 0 0 0 0
-1.736 6.48501e-15 0 0 0 0 0 0 0 0 0
-1.72 1.27693e-14 0 0 0 0 0 0 0 0 0
-1.704 2.45363e-14 0 0 0 0 0 0 0 0 0
-1.688 4.60869e-14 0 0 0 0 0 0 0 0 0
-1.672 8.47494e-14 0 0 0 0 0 0 0 0 0
-1.656 1.52787e-13 0 0 0 0 0 0 0 0 0
-1.64 2.70377e-13 0 0 0 0 0 0 0 0 0
-1.624 4.70195e-13 0 0 0 0 0 0 0 0 0
-1.608 8.04382e-13 0 0 0 0 0 0 0 0 0
-1.592 1.35498e-12 0 0 0 0 0 0 0 0 0
-1.576 2.24938e-12 0 0 0 0 0 0 0 0 0
-1.56 3.68298e-12 0 0 0 0 0 0 0 0 0
-1.544 5.95198e-12 0 0 0 0 0 0 0 0 0
-1.528 9.50037e-12 0 0 0 0 0 0 0 0 0
-1.512 1.49868e-11 0 0 0 0 0 0 0 0 0
-1.496 2.33784e-11 0 0 0 0 0 0 0 0 0
-1.48 3.60823e-11 0 0 0 0 0 0 0 0 0
-1.464 5.51267e-11 0 0 0 0 0 0 0 0 0
-1.448 8.34105e-11 0 0 0 0 0 0 0 0 0
-1.432 1.25043e-10 0 0 0 0 0 0 0 0 0
-1.416 1.85802e-10 0 0 0 0 0 0 0 0 0
-1.4 2.73756e-10 0 0 0 0 0 0 0 0 0
-1.384 4.00082e-10 0 0 0 0 0 0 0 0 0
-1.368 5.80167e-10 0 0 0 0 0 0 0 0 0
-1.352 8.35048e-10 0 0 0 0 0 0 0 0 0
-1.336 1.19331e-09 0 0 0 0 0 0 0 0 0
-1.32 1.69354e-09 0 0 0 0 0 0 0 0 0
-1.304 2.38757e-09 0 0 0 0 0 0 0 0 0
-1.288 3.34457e-09 0 0 0 0 0 0 0 0 0
-1.272 4.6564e-09 0 0 0 0 0 0 0 0 0
-1.256 6.44437e-09 0 0 0 0 0 0 0 0 0
-1.24 8.86796e-09 0 0 0 0 0 0 0 0 0
-1.224 1.21357e-08 0 0 0 0 0 0 0 0 0
-1.208 1.65191e-08 0 0 0 0 0 0 0 0 0
-1.192 2.237e-08 0 0 0 0 0 0 0 0 0
-1.176 3.01424e-08 0 0 0 0 0 0 0 0 0
-1.16 4.04195e-08 0 0 0 0 0 0 0 0 0
-1.144 5.39478e-08 0 0 0 0 0 0 0 0 0
-1.128 7.16784e-08 0 0 0 0 0 0 0 0 0
-1.112 9.48192e-08 0 0 0 0 0 0 0 0 0
-1.096 1.24898e-07 0 0 0 0 0 0 0 0 0
-1.08 1.63841e-07 0 0 0 0 0 0 0 0 0
-1.064 2.14067e-07 0 0 0 0 0 0 0 0 0
-1.048 2.78603e-07 0 0 0 0 0 0 0 0 0
-1.032 3.61228e-07 0 0 0 0 0 0 0 0 0
-1.016 4.6664e-07 0 0 0 0 0 0 0 0 0
-1 6.00665e-07 0 0 0 0 0 0 0 0 0
-0.984 7.70505e-07 0 0 0 0 0 0 0 0 0
-0.968 9.85035e-07 0 0 0 0 0 0 0 0 0
-0.952 1.25516e-06 0 0 0 0 0 0 0 0 0
-0.936 1.59426e-06 0 0 0 0 0 0 0 0 0
-0.92 2.01867e-06 0 0 0 0 0 0 0 0 0
-0.904 2.54831e-06 0 0 0 0 0 0 0 0 0
-0.888 3.2074e-06 0 0 0 0 0 0 0 0 0
-0.872 4.02533e-06 0 0 0 0 0 0 0 0 0
-0.856 5.03765e-06 0 0 0 0 0 0 0 0 0
-0.84 6.28728e-06 0 0 0 0 0 0 0 0 0
-0.824 7.82589e-06 0 0 0 0 0 0 0 0 0
-0.808 9.71561e-06 0 0 0 0 0 0 0 0 0
-0.792 1.20309e-05 0 0 0 0 0 0 0 0 0
-0.776 1.48608e-05 0 0 0 0 0 0 0 0 0
-0.76 1.83117e-05 0 0 0 0 0 0 0 0 0
-0.744 2.25103e-05 0 0 0 0 0 0 0 0 0
-0.728 2.76073e-05 0 0 0 0 0 0 0 0 0
-0.712 3.37815e-05 0 0 0 0 0 0 0 0 0
-0.696 4.12446e-05 0 0 0 0 0 0 0 0 0
-0.68 5.02471e-05 0 0 0 0 0 0 0 0 0
-0.664 6.10843e-05 0 0 0 0 0 0 0 0 0
-0.648 7.41044e-05 0 0 0 0 0 0 0 0 0
-0.632 8.97165e-05 0 0 0 0 0 0 0 0 0
-0.616 0.000108401 0 0 0 0 0 0 0 0 0
-0.6 0.000130721 0 0 0 0 0 0 0 0 0
-0.584 0.000157335 0 0 0 0 0 0 0 0 0
-0.568 0.000188768 0 0 0 0 0 0 0 0 0
-0.552 0.000226357 0 0 0 0 0 0 0 0 0
-0.536 0.000270942 0 0 0 0 0 0 0 0 0
-0.52 0.000323736 0 0 0 0 0 0 0 0 0
-0.504 0.000386148 0 0 0 0 0 0 0 0 0
-0.488 0.00045981 0 0 0 0 0 0 0 0 0
-0.472 0.000545907 0 0 0 0 0 0 0 0 0
-0.456 0.000647901 0 0 0 0 0 0 0 0 0
-0.44 0.000767718 0 0 0 0 0 0 0 0 0
-0.424 0.00090709 0 0 0 0 0 0 0 0 0
-0.408 0.00107 0 0 0 0 0 0 0 0 0
-0.392 0.00126 0 0 0 0 0 0 0 0 0
-0.376 0.00148 0 0 0 0 0 0 0 0 0
-0.36 0.00175 0 0 0 0 0 0 0 0 0
-0.344 0.00205 0 0 0 0 0 0 0 0 0
-0.328 0.00239 0 0 0 0 0 0 0 0 0
-0.312 0.0028 0 0 0 0 0 0 0 0 0
-0.296 0.00327 0 0 0 0 0 0 0 0 0
-0.28 0.00381 0 0 0 0 0 0 0 0 0
-0.264 0.00443 0 0 0 0 0 0 0 0 0
-0.248 0.00514 0 0 0 0 0 0 0 0 0
-0.232 0.00596 0 0 0 0 0 0 0 0 0
-0.216 0.00689 0 0 0 0 0 0 0 0 0
-0.2 0.00795 0 0 0 0 0 0 0 0 0
-0.184 0.00917 0 0 0 0 0 0 0 0 0
-0.168 0.01053 0 0 0 0 0 0 0 0 0
-0.152 0.01208 0 0 0 0 0 0 0 0 0
-0.136 0.01383 0 0 0 0 0 0 0 0 0
-0.12 0.01577 0 0 0 0 0 0 0 0 0
-0.104 0.01796 0 0 0 0 0 0 0 0 0
-0.088 0.02038 0 0 0 0 0 0 0 0 0
-0.072 0.02305 0 0 0 0 0 0 0 0 0
-0.056 0.02596 0 0 0 0 0 0 0 0 0
-0.04 0.02914 0 0 0 0.00725 0 0 0 0 0
-0.024 0.03259 0 0.00216 0 0.03511 0 0 0 0 0
-0.008 0.03628 0 0.15183 0 0.06445 0 0 0 0 0
0.008 0.04018 0 0.30107 0 0.09348 0 0 0 0 0
0.024 0.04422 0 0.24732 0 0.1207 0 0 0 0 0
0.04 0.04838 0 0.19209 0 0.14554 0 0 0 0 0
0.056 0.05254 0 0.15412 0 0.16676 0 0 0 0 0
0.072 0.05663 0 0.12776 0 0.18406 0 0 0 0 0
0.088 0.06052 0 0.10866 0 0.19711 0 0 0 0 0
0.104 0.06403 0 0.09428 0 0.20537 0 0 0 0 0
0.12 0.06707 0 0.08309 0 0.20928 0 0 0 0 0
0.136 0.06939 0 0.07416 0 0.20907 0 0 0 0 0
0.152 0.0708 0 0.06687 0 0.20452 0 0 0 0 0
0.168 0.0712 0 0.06083 0 0.19675 0 0 0 0 0
0.184 0.07045 0 0.05574 0 0.18597 0 0 0 0 0
0.2 0.06835 0 0.05139 0 0.17302 0 0 0 0 0
0.216 0.06499 0 0.04764 0 0.15855 0 0 0 0 0
0.232 0.06033 0 0.04438 0 0.14292 0 0 0 0 0
0.248 0.0546 0 0.04151 0 0.12714 0 0 0 0 0
0.264 0.04799 0 0.03897 0 0.11136 0 0 0 0 0
0.28 0.04081 0 0.03671 0 0.09623 0 0 0 0 0
0.296 0.03348 0 0.03469 0 0.08208 0 0 0 0 0
0.312 0.02638 0 0.03286 0 0.06898 0 0 0 0 0
0.328 0.01986 0 0.03121 0 0.05719 0 0 0 0 0
0.344 0.01422 0 0.02971 0 0.04682 0 0 0 0 0
0.36 0.00963 0 0.02833 0 0.0378 0 0 0 0 0
0.376 0.00612 0 0.02708 0 0.03014 0 0 0 0 0
0.392 0.00363 0 0.02592 0 0.0237 0 0 0 0 0
0.408 0.00199 0 0.02486 0 0.01842 0 0 0 0 0
0.424 0.001 0 0.02387 0 0.01412 0 0 0 0 0
0.44 0.000460009 0 0.02295 0 0.01069 0 0 0 0 0
0.456 0.000189403 0 0.0221 0 0.00799 0 0 0 0 0
0.472 6.93372e-05 0 0.02131 0 0.00589 0 0 0 0 0
0.488 2.2265e-05 0 0.02057 0 0.00429 0 0 0 0 0
0.504 6.18685e-06 0 0.01987 0 0.00309 0 0 0 0 0
0.52 1.46388e-06 0 0.01922 0 0.00219 0 0 0 0 0
0.536 2.8984e-07 0 0.01861 0 0.00154 0 0 0 0 0
0.552 4.7131e-08 0 0.01803 0 0.00106 0 0 0 0 0
0.568 6.16567e-09 0 0.01749 0 0.000727152 0 0 0 0 0
0.584 6.3359e-10 0 0.01697 0 0.000491077 0 0 0 0 0
0.6 4.99047e-11 0 0.01649 0 0.000327343 0 0 0 0 0
0.616 2.9285e-12 0 0.01602 0 0.000215378 0 0 0 0 0
0.632 1.24208e-13 0 0.01559 0 0.000140013 0 0 0 0 0
0.648 3.6843e-15 0 0.01517 0 8.98476e-05 0 0 0 0 0
0.664 7.35741e-17 0 0.01478 0 5.69692e-05 0 0 0 0 0
0.68 9.50958e-19 0 0.0144 0 3.56251e-05 0 0 0 0 0
0.696 7.61381e-21 0 0.01404 0 2.20135e-05 0 0 0 0 0
0.712 3.59304e-23 0 0.0137 0 1.34416e-05 0 0 0 0 0
0.728 9.4911e-26 0 0.01338 0 8.0951e-06 0 0 0 0 0
0.744 1.32329e-28 0 0.01306 0 4.8177e-06 0 0 0 0 0
0.76 9.1471e-32 0 0.01276 0 2.83073e-06 0 0 0 0 0
0.776 2.92179e-35 0 0.01248 0 1.64212e-06 0 0 0 0 0
0.792 4.00156e-39 0 0.0122 0 9.40522e-07 0 0 0 0 0
0.808 2.16483e-43 0 0.01194 0 5.31858e-07 0 0 0 0 0
0.824 4.22108e-48 0 0.01169 0 2.97238e-07 0 0 0 0 0
0.84 2.6909e-53 0 0.01145 0 1.63861e-07 0 0 0 0 0
0.856 5.03856e-59 0 0.01121 0 8.91923e-08 0 0 0 0 0
0.872 2.46553e-65 0 0.01099 0 4.79821e-08 0 0 0 0 0
0.888 2.77281e-72 0 0.01077 0 2.54631e-08 0 0 0 0 0
0.904 6.25029e-80 0 0.01056 0 1.33425e-08 0 0 0 0 0
0.92 2.42644e-88 0 0.01036 0 6.91005e-09 0 0 0 0 0
0.936 1.37607e-97 0 0.01017 0 3.53034e-09 0 0 0 0 0
0.952 9.5459e-108 0 0.00998 0 1.781e-09 0 0 0 0 0
0.968 6.66977e-119 0 0.0098 0 8.87204e-10 0 0 0 0 0
0.984 3.79812e-131 0 0.00963 0 4.36418e-10 0 0 0 0 0
1 1.40445e-144 0 0.00946 0 2.11783e-10 0 0 0 0 0
1.016 2.62679e-159 0 0.00929 0 1.01582e-10 0 0 0 0 0
1.032 1.89855e-175 0 0.00914 0 4.80682e-11 0 0 0 0 0
1.048 3.95817e-193 0 0.00898 0 2.24612e-11 0 0 0 0 0
1.064 1.73376e-212 0 0.00883 0 1.03643e-11 0 0 0 0 0
1.08 1.13103e-233 0 0.00869 0 4.72267e-12 0 0 0 0 0
1.096 7.57653e-257 0 0.00855 0 2.12306e-12 0 0 0 0 0
1.112 3.48139e-282 0 0.00842 0 9.42499e-13 0 0 0 0 0
1.128 0 0 0.00828 0 4.12793e-13 0 0 0 0 0
1.144 0 0 0.00816 0 1.78708e-13 0 0 0 0 0
1.16 0 0 0.00803 0 7.63301e-14 0 0 0 0 0
1.176 0 0 0.00791 0 3.21653e-14 0 0 0 0 0
1.192 0 0 0.00779 0 1.33855e-14 0 0 0 0 0
1.208 0 0 0.00768 0 5.50095e-15 0 0 0 0 0
1.224 0 0 0.00757 0 2.23255e-15 0 0 0 0 0
1.24 0 0 0.00746 0 8.93949e-16 0 0 0 0 0
1.256 0 0 0.00736 0 3.53163e-16 0 0 0 0 0
1.272 0 0 0.00726 0 1.37785e-16 0 0 0 0 0
1.288 0 0 0.00716 0 5.30881e-17 0 0 0 0 0
1.304 0 0 0.00706 0 2.01812e-17 0 0 0 0 0
1.32 0 0 0.00696 0 7.5693e-18 0 0 0 0 0
1.336 0 0 0.00687 0 2.80372e-18 0 0 0 0 0
1.352 0 0 0.00678 0 1.02562e-18 0 0 0 0 0
1.368 0 0 0.00669 0 3.69819e-19 0 0 0 0 0
1.384 0 0 0.00661 0 1.3182e-19 0 0 0 0 0
1.4 0 0 0.00652 0 4.63151e-20 0 0 0 0 0
1.416 0 0 0.00644 0 1.60863e-20 0 0 0 0 0
1.432 0 0 0.00636 0 5.50738e-21 0 0 0 0 0
1.448 0 0 0.00629 0 1.86215e-21 0 0 0 0 0
1.464 0 0 0.00621 0 6.21233e-22 0 0 0 0 0
1.48 0 0 0.00614 0 2.04681e-22 0 0 0 0 0
1.496 0 0 0.00606 0 6.65385e-23 0 0 0 0 0
1.512 0 0 0.00599 0 2.13423e-23 0 0 0 0 0
1.528 0 0 0.00592 0 6.75436e-24 0 0 0 0 0
1.544 0 0 0.00585 0 2.11113e-24 0 0 0 0 0
1.56 0 0 0.00579 0 6.51061e-25 0 0 0 0 0
1.576 0 0 0.00572 0 1.98109e-25 0 0 0 0 0
1.592 0 0 0.00566 0 5.9536e-26 0 0 0 0 0
1.608 0 0 0.0056 0 1.76368e-26 0 0 0 0 0
1.624 0 0 0.00553 0 5.16005e-27 0 0 0 0 0
1.64 0 0 0.00547 0 1.48959e-27 0 0 0 0 0
1.656 0 0 0.00542 0 4.24694e-28 0 0 0 0 0
1.672 0 0 0.00536 0 1.19359e-28 0 0 0 0 0
1.688 0 0 0.0053 0 3.31305e-29 0 0 0 0 0
1.704 0 0 0.00525 0 9.07372e-30 0 0 0 0 0
1.72 0 0 0.00519 0 2.45204e-30 0 0 0 0 0
1.736 0 0 0.00514 0 6.53816e-31 0 0 0 0 0
1.752 0 0 0.00509 0 1.72016e-31 0 0 0 0 0
1.768 0 0 0.00504 0 4.4655e-32 0 0 0 0 0
1.784 0 0 0.00499 0 1.14491e-32 0 0 0 0 0
1.8 0 0 0.00494 0 2.89365e-33 0 0 0 0 0
1.816 0 0 0.00489 0 7.2231e-34 0 0 0 0 0
1.832 0 0 0.00484 0 1.77737e-34 0 0 0 0 0
1.848 0 0 0.00479 0 4.3195e-35 0 0 0 0 0
1.864 0 0 0.00475 0 1.03581e-35 0 0 0 0 0
1.88 0 0 0.0047 0 2.44853e-36 0 0 0 0 0
1.896 0 0 0.00466 0 5.71657e-37 0 0 0 0 0
1.912 0 0 0.00462 0 1.31691e-37 0 0 0 0 0
1.928 0 0 0.00457 0 2.99345e-38 0 0 0 0 0
1.944 0 0 0.00453 0 6.7076e-39 0 0 0 0 0
1.96 0 0 0.00449 0 1.48446e-39 0 0 0 0 0
1.976 0 0 0.00445 0 3.23855e-40 0 0 0 0 0
1.992 0 0 0.00441 0 6.97817e-41 0 0 0 0 0
2.008 0 0 0.00437 0 1.48222e-41 0 0 0 0 0
2.024 0 0 0.00433 0 3.10953e-42 0 0 0 0 0
2.04 0 0 0.00429 0 6.43072e-43 0 0 0 0 0
2.056 0 0 0.00426 0 1.31226e-43 0 0 0 0 0
2.072 0 0 0.00422 0 2.64227e-44 0 0 0 0 0
2.088 0 0 0.00418 0 5.24968e-45 0 0 0 0 0
2.104 0 0 0.00415 0 1.02917e-45 0 0 0 0 0
2.12 0 0 0.00411 0 1.99084e-46 0 0 0 0 0
2.136 0 0 0.00408 0 3.79641e-47 0 0 0 0 0
2.152 0 0 0.00405 0 7.15026e-48 0 0 0 0 0
2.168 0 0 0.00401 0 1.32757e-48 0 0 0 0 0
2.184 0 0 0.00398 0 2.43216e-49 0 0 0 0 0
2.2 0 0 0.00395 0 4.39669e-50 0 0 0 0 0
2.216 0 0 0.00392 0 7.84262e-51 0 0 0 0 0
2.232 0 0 0.00388 0 1.37906e-51 0 0 0 0 0
2.248 0 0 0.00385 0 2.39281e-52 0 0 0 0 0
2.264 0 0 0.00382 0 4.0967e-53 0 0 0 0 0
2.28 0 0 0.00379 0 6.92087e-54 0 0 0 0 0
2.296 0 0 0.00376 0 1.1526e-54 0 0 0 0 0
2.312 0 0 0.00373 0 1.89587e-55 0 0 0 0 0
2.328 0 0 0.00371 0 3.07418e-56 0 0 0 0 0
2.344 0 0 0.00368 0 4.91407e-57 0 0 0 0 0
2.36 0 0 0.00365 0 7.75834e-58 0 0 0 0 0
2.376 0 0 0.00362 0 1.2075e-58 0 0 0 0 0
2.392 0 0 0.00359 0 1.85443e-59 0 0 0 0 0
2.408 0 0 0.00357 0 2.80752e-60 0 0 0 0 0
2.424 0 0 0.00354 0 4.19412e-61 0 0 0 0 0
2.44 0 0 0.00352 0 6.18248e-62 0 0 0 0 0
2.456 0 0 0.00349 0 8.99269e-63 0 0 0 0 0
2.472 0 0 0.00346 0 1.28946e-63 0 0 0 0 0
2.488 0 0 0.00344 0 1.82273e-64 0 0 0 0 0
2.504 0 0 0.00342 0 2.54479e-65 0 0 0 0 0
2.52 0 0 0.00339 0 3.50248e-66 0 0 0 0 0
2.536 0 0 0.00337 0 4.75669e-67 0 0 0 0 0
2.552 0 0 0.00334 0 6.36837e-68 0 0 0 0 0
2.568 0 0 0.00332 0 8.41314e-69 0 0 0 0 0
2.584 0 0 0.0033 0 1.09567e-69 0 0 0 0 0
2.6 0 0 0.00327 0 1.40803e-70 0 0 0 0 0
2.616 0 0 0.00325 0 1.78546e-71 0 0 0 0 0
2.632 0 0 0.00323 0 2.23194e-72 0 0 0 0 0
2.648 0 0 0.00321 0 2.7531e-73 0 0 0 0 0
2.664 0 0 0.00319 0 3.34779e-74 0 0 0 0 0
2.68 0 0 0.00317 0 4.01699e-75 0 0 0 0 0
2.696 0 0 0.00314 0 4.7516e-76 0 0 0 0 0
2.712 0 0 0.00312 0 5.54609e-77 0 0 0 0 0
2.728 0 0 0.0031 0 6.3816e-78 0 0 0 0 0
2.744 0 0 0.00308 0 7.24572e-79 0 0 0 0 0
2.76 0 0 0.00306 0 8.11016e-80 0 0 0 0 0
2.776 0 0 0.00304 0 8.95749e-81 0 0 0 0 0
2.792 0 0 0.00302 0 9.75304e-82 0 0 0 0 0
2.808 0 0 0.003 0 1.04786e-82 0 0 0 0 0
2.824 0 0 0.00299 0 1.1109e-83 0 0 0 0 0
2.84 0 0 0.00297 0 1.15993e-84 0 0 0 0 0
2.856 0 0 0.00295 0 1.19509e-85 0 0 0 0 0
2.872 0 0 0.00293 0 1.215e-86 0 0 0 0 0
2.888 0 0 0.00291 0 1.21773e-87 0 0 0 0 0
2.904 0 0 0.00289 0 1.20431e-88 0 0 0 0 0
2.92 0 0 0.00288 0 1.17303e-89 0 0 0 0 0
2.936 0 0 0.00286 0 1.1285e-90 0 0 0 0 0
2.952 0 0 0.00284 0 1.06925e-91 0 0 0 0 0
2.968 0 0 0.00282 0 9.99703e-93 0 0 0 0 0
2.984 0 0 0.00281 0 9.22301e-94 0 0 0 0 0
3 0 0 0.00279 0 8.38828e-95 0 0 0 0 0
3.016 0 0 0.00277 0 7.52094e-96 0 0 0 0 0
3.032 0 0 0.00276 0 6.65399e-97 0 0 0 0 0
3.048 0 0 0.00274 0 5.80353e-98 0 0 0 0 0
3.064 0 0 0.00272 0 4.99001e-99 0 0 0 0 0
3.08 0 0 0.00271 0 4.23372e-100 0 0 0 0 0
3.096 0 0 0.00269 0 3.54113e-101 0 0 0 0 0
3.112 0 0 0.00268 0 2.91986e-102 0 0 0 0 0
3.128 0 0 0.00266 0 2.37572e-103 0 0 0 0 0
3.144 0 0 0.00265 0 1.90377e-104 0 0 0 0 0
3.16 0 0 0.00263 0 1.50681e-105 0 0 0 0 0
3.176 0 0 0.00262 0 1.1746e-106 0 0 0 0 0
3.192 0 0 0.0026 0 9.03517e-108 0 0 0 0 0
3.208 0 0 0.00259 0 6.85144e-109 0 0 0 0 0
3.224 0 0 0.00257 0 5.12673e-110 0 0 0 0 0
3.24 0 0 0.00256 0 3.77822e-111 0 0 0 0 0
3.256 0 0 0.00255 0 2.74756e-112 0 0 0 0 0
3.272 0 0 0.00253 0 1.9716e-113 0 0 0 0 0
3.288 0 0 0.00252 0 1.39342e-114 0 0 0 0 0
3.304 0 0 0.0025 0 9.71753e-116 0 0 0 0 0
3.32 0 0 0.00249 0 6.68085e-117 0 0 0 0 0
3.336 0 0 0.00248 0 4.52803e-118 0 0 0 0 0
3.352 0 0 0.00246 0 3.02544e-119 0 0 0 0 0
3.368 0 0 0.00245 0 1.99471e-120 0 0 0 0 0
3.384 0 0 0.00244 0 1.29651e-121 0 0 0 0 0
3.4 0 0 0.00242 0 8.3075e-123 0 0 0 0 0
3.416 0 0 0.00241 0 5.24769e-124 0 0 0 0 0
3.432 0 0 0.0024 0 3.26789e-125 0 0 0 0 0
3.448 0 0 0.00239 0 2.00808e-126 0 0 0 0 0
3.464 0 0 0.00237 0 1.21646e-127 0 0 0 0 0
3.48 0 0 0.00236 0 7.26465e-129 0 0 0 0 0
3.496 0 0 0.00235 0 4.27695e-130 0 0 0 0 0
3.512 0 0 0.00234 0 2.48231e-131 0 0 0 0 0
3.528 0 0 0.00233 0 1.4203e-132 0 0 0 0 0
3.544 0 0 0.00231 0 8.01901e-134 0 0 0 0 0
3.56 0 0 0.0023 0 4.46337e-135 0 0 0 0 0
3.576 0 0 0.00229 0 2.44678e-136 0 0 0 0 0
3.592 0 0 0.00228 0 1.32356e-137 0 0 0 0 0
3.608 0 0 0.00227 0 7.05818e-139 0 0 0 0 0
3.624 0 0 0.00226 0 3.71414e-140 0 0 0 0 0
3.64 0 0 0.00225 0 1.92493e-141 0 0 0 0 0
3.656 0 0 0.00223 0 9.83498e-143 0 0 0 0 0
3.672 0 0 0.00222 0 4.95848e-144 0 0 0 0 0
3.688 0 0 0.00221 0 2.46214e-145 0 0 0 0 0
3.704 0 0 0.0022 0 1.20641e-146 0 0 0 0 0
3.72 0 0 0.00219 0 5.82746e-148 0 0 0 0 0
3.736 0 0 0.00218 0 2.77502e-149 0 0 0 0 0
3.752 0 0 0.00217 0 1.3015e-150 0 0 0 0 0
3.768 0 0 0.00216 0 6.02338e-152 0 0 0 0 0
3.784 0 0 0.00215 0 2.74814e-153 0 0 0 0 0
3.8 0 0 0.00214 0 1.23606e-154 0 0 0 0 0
3.816 0 0 0.00213 0 5.48083e-156 0 0 0 0 0
3.832 0 0 0.00212 0 2.39583e-157 0 0 0 0 0
3.848 0 0 0.00211 0 1.03245e-158 0 0 0 0 0
3.864 0 0 0.0021 0 4.39035e-160 0 0 0 0 0
3.88 0 0 0.00209 0 1.83874e-161 0 0 0 0 0
3.896 0 0 0.00208 0 7.59183e-163 0 0 0 0 0
3.912 0 0 0.00207 0 3.09013e-164 0 0 0 0 0
3.928 0 0 0.00206 0 1.23997e-165 0 0 0 0 0
3.944 0 0 0.00205 0 4.9051e-167 0 0 0 0 0
3.96 0 0 0.00204 0 1.91289e-168 0 0 0 0 0
3.976 0 0 0.00203 0 7.35424e-170 0 0 0 0 0
3.992 0 0 0.00202 0 2.78733e-171 0 0 0 0 0
4.008 0 0 0.00202 0 1.04147e-172 0 0 0 0 0
4.024 0 0 0.00201 0 3.83623e-174 0 0 0 0 0
4.04 0 0 0.002 0 1.39306e-175 0 0 0 0 0
4.056 0 0 0.00199 0 4.98701e-177 0 0 0 0 0
4.072 0 0 0.00198 0 1.76001e-178 0 0 0 0 0
4.088 0 0 0.00197 0 6.12342e-180 0 0 0 0 0
4.104 0 0 0.00196 0 2.10028e-181 0 0 0 0 0
4.12 0 0 0.00195 0 7.09503e-183 0 0 0 0 0
4.136 0 0 0.00195 0 2.36509e-184 0 0 0 0 0
4.152 0 0 0.00194 0 7.76488e-186 0 0 0 0 0
4.168 0 0 0.00193 0 2.51559e-187 0 0 0 0 0
4.184 0 0 0.00192 0 8.02668e-189 0 0 0 0 0
4.2 0 0 0.00191 0 2.52486e-190 0 0 0 0 0
4.216 0 0 0.0019 0 7.82969e-192 0 0 0 0 0
4.232 0 0 0.0019 0 2.39363e-193 0 0 0 0 0
4.248 0 0 0.00189 0 7.21398e-195 0 0 0 0 0
4.264 0 0 0.00188 0 2.14337e-196 0 0 0 0 0
4.28 0 0 0.00187 0 6.27211e-198 0 0 0 0 0
4.296 0 0 0.00186 0 1.81112e-199 0 0 0 0 0
4.312 0 0 0.00186 0 5.1508e-201 0 0 0 0 0
4.328 0 0 0.00185 0 1.44413e-202 0 0 0 0 0
4.344 0 0 0.00184 0 3.99159e-204 0 0 0 0 0
4.36 0 0 0.00183 0 1.08765e-205 0 0 0 0 0
4.376 0 0 0.00183 0 2.92172e-207 0 0 0 0 0
4.392 0 0 0.00182 0 7.73004e-209 0 0 0 0 0
4.408 0 0 0.00181 0 2.0181e-210 0 0 0 0 0
4.424 0 0 0.0018 0 5.18916e-212 0 0 0 0 0
4.44 0 0 0.0018 0 1.3154e-213 0 0 0 0 0
4.456 0 0 0.00179 0 3.28718e-215 0 0 0 0 0
4.472 0 0 0.00178 0 8.09834e-217 0 0 0 0 0
4.488 0 0 0.00178 0 1.965e-218 0 0 0 0 0
4.504 0 0 0.00177 0 4.70038e-220 0 0 0 0 0
4.52 0 0 0.00176 0 1.10844e-221 0 0 0 0 0
4.536 0 0 0.00175 0 2.57689e-223 0 0 0 0 0
4.552 0 0 0.00175 0 5.90589e-225 0 0 0 0 0
4.568 0 0 0.00174 0 1.33312e-226 0 0 0 0 0
4.584 0 0 0.00173 0 2.9666e-228 0 0 0 0 0
4.6 0 0 0.00173 0 6.50813e-230 0 0 0 0 0
4.616 0 0 0.00172 0 1.40753e-231 0 0 0 0 0
4.632 0 0 0.00171 0 2.99816e-233 0 0 0 0 0
4.648 0 0 0.00171 0 6.29591e-235 0 0 0 0 0
4.664 0 0 0.0017 0 1.30337e-236 0 0 0 0 0
4.68 0 0 0.00169 0 2.66001e-238 0 0 0 0 0
4.696 0 0 0.00169 0 5.3468e-240 0 0 0 0 0
4.712 0 0 0.00168 0 1.05952e-241 0 0 0 0 0
4.728 0 0 0.00167 0 2.06983e-243 0 0 0 0 0
4.744 0 0 0.00167 0 3.98624e-245 0 0 0 0 0
4.76 0 0 0.00166 0 7.56115e-247 0 0 0 0 0
4.776 0 0 0.00166 0 1.4139e-248 0 0 0 0 0
4.792 0 0 0.00165 0 2.60649e-250 0 0 0 0 0
4.808 0 0 0.00164 0 4.73247e-252 0 0 0 0 0
4.824 0 0 0.00164 0 8.47083e-254 0 0 0 0 0
4.84 0 0 0.00163 0 1.49476e-255 0 0 0 0 0
4.856 0 0 0.00162 0 2.6003e-257 0 0 0 0 0
4.872 0 0 0.00162 0 4.45523e-259 0 0 0 0 0
4.888 0 0 0.00161 0 7.5253e-261 0 0 0 0 0
4.904 0 0 0.00161 0 1.25191e-262 0 0 0 0 0
4.92 0 0 0.0016 0 2.05318e-264 0 0 0 0 0
4.936 0 0 0.00159 0 3.31963e-266 0 0 0 0 0
4.952 0 0 0.00159 0 5.29125e-268 0 0 0 0 0
4.968 0 0 0.00158 0 8.30658e-270 0 0 0 0 0
4.984 0 0 0.00158 0 1.28556e-271 0 0 0 0 0
